Spatial dataset generator (c) 2006 University of Piraeus

World Settings:
  Dimensions [1..3]: 2
  Size [1..100000, 1..100000]: 300, 300
Generator Settings:
  Boxes created [1..100000]: 80
  High ranges for the box size [1..99999, 1..99999]: 20, 20
  Variable size of boxes: No
  Non-zero size of boxes: Yes
  Distribution: Uniform
  Seed [1..65535]: 29472
  Output Filename: Output.txt

Start of Dataset:

1: 94 61 114 81
2: 187 58 207 78
3: 110 116 130 136
4: 242 119 262 139
5: 123 12 143 32
6: 245 43 265 63
7: 166 212 186 232
8: 211 221 231 241
9: 113 13 133 33
10: 165 150 185 170
11: 233 166 253 186
12: 209 136 229 156
13: 143 120 163 140
14: 94 122 114 142
15: 273 25 293 45
16: 259 147 279 167
17: 172 89 192 109
18: 229 79 249 99
19: 43 148 63 168
20: 179 11 199 31
21: 99 124 119 144
22: 124 243 144 263
23: 239 164 259 184
24: 16 103 36 123
25: 184 104 204 124
26: 9 94 29 114
27: 46 181 66 201
28: 123 38 143 58
29: 202 220 222 240
30: 104 2 124 22
31: 261 195 281 215
32: 2 161 22 181
33: 179 234 199 254
34: 95 218 115 238
35: 83 91 103 111
36: 133 238 153 258
37: 106 15 126 35
38: 102 117 122 137
39: 184 92 204 112
40: 111 75 131 95
41: 61 178 81 198
42: 278 269 298 289
43: 235 218 255 238
44: 104 89 124 109
45: 272 165 292 185
46: 30 132 50 152
47: 49 209 69 229
48: 121 166 141 186
49: 131 84 151 104
50: 198 203 218 223
51: 105 98 125 118
52: 24 203 44 223
53: 140 93 160 113
54: 100 263 120 283
55: 100 240 120 260
56: 231 212 251 232
57: 84 140 104 160
58: 238 12 258 32
59: 215 63 235 83
60: 101 44 121 64
61: 246 195 266 215
62: 30 55 50 75
63: 166 5 186 25
64: 253 274 273 294
65: 143 188 163 208
66: 19 254 39 274
67: 3 204 23 224
68: 90 90 110 110
69: 69 200 89 220
70: 68 19 88 39
71: 98 235 118 255
72: 244 28 264 48
73: 219 143 239 163
74: 272 59 292 79
75: 275 214 295 234
76: 209 182 229 202
77: 81 188 101 208
78: 278 40 298 60
79: 170 55 190 75
80: 160 126 180 146

End of dataset.